-0.0400,-0.0000,0.0000,0.0000,0.0000,0.0262,0.9997,
-0.0000,-0.0000,0.0000,0.0000,0.0000,0.0175,0.9998,
0.0400,-0.0000,0.0000,0.0000,0.0000,0.0349,0.9994,
0.0800,-0.0000,0.0000,0.0000,0.0000,0.0523,0.9986,
0.1200,-0.0000,0.0000,0.0000,0.0000,0.0698,0.9976,
0.1600,-0.0000,0.0000,0.0000,0.0000,0.0872,0.9962,
0.2000,-0.0000,0.0000,0.0000,0.0000,0.1305,0.9914,
0.2000,0.0400,0.0000,0.0000,0.0000,0.1219,0.9925,
0.2000,-0.0000,0.0000,0.0000,0.0000,0.1392,0.9903,
0.2000,0.0400,0.0000,0.0000,0.0000,0.1478,0.9890,
0.2400,0.0400,0.0000,0.0000,0.0000,0.1650,0.9863,
0.2800,0.0400,0.0000,0.0000,0.0000,0.1994,0.9799,
0.3200,0.0400,0.0000,0.0000,0.0000,0.2419,0.9703,
0.3200,0.0800,0.0000,0.0000,0.0000,0.2840,0.9588,
0.3600,0.0800,0.0000,0.0000,0.0000,0.2924,0.9563,
0.4000,0.0800,0.0000,0.0000,0.0000,0.3502,0.9367,
0.4000,0.1200,0.0000,0.0000,0.0000,0.3987,0.9171,
0.4000,0.1600,0.0000,0.0000,0.0000,0.4067,0.9135,
0.4000,0.2000,0.0000,0.0000,0.0000,0.4147,0.9100,
0.4400,0.2400,0.0000,0.0000,0.0000,0.4147,0.9100,
0.4400,0.2800,0.0000,0.0000,0.0000,0.4848,0.8746,
0.4800,0.2800,0.0000,0.0000,0.0000,0.4848,0.8746,
0.4800,0.3200,0.0000,0.0000,0.0000,0.4924,0.8704,
0.4800,0.3600,0.0000,0.0000,0.0000,0.5075,0.8616,
0.5200,0.3600,0.0000,0.0000,0.0000,0.5519,0.8339,
0.5200,0.4000,0.0000,0.0000,0.0000,0.5519,0.8339,
0.5200,0.4400,0.0000,0.0000,0.0000,0.5736,0.8192,
0.5200,0.4800,0.0000,0.0000,0.0000,0.6088,0.7934,
0.5600,0.4800,0.0000,0.0000,0.0000,0.6088,0.7934,
0.5600,0.5200,0.0000,0.0000,0.0000,0.6088,0.7934,
0.5200,0.5600,0.0000,0.0000,0.0000,0.6225,0.7826,
0.5600,0.5600,0.0000,0.0000,0.0000,0.6293,0.7771,
0.5200,0.5600,0.0000,0.0000,0.0000,0.6293,0.7771,
0.5600,0.5600,0.0000,0.0000,0.0000,0.6494,0.7604,
0.5600,0.6000,0.0000,0.0000,0.0000,0.6561,0.7547,
0.5600,0.6400,0.0000,0.0000,0.0000,0.6691,0.7431,
0.5600,0.6800,0.0000,0.0000,0.0000,0.6820,0.7314,
0.5200,0.6800,0.0000,0.0000,0.0000,0.6691,0.7431,
0.5200,0.7200,0.0000,0.0000,0.0000,0.6691,0.7431,
0.4800,0.7200,0.0000,0.0000,0.0000,0.6691,0.7431,
0.4800,0.7600,0.0000,0.0000,0.0000,0.6756,0.7373,
0.5200,0.8000,0.0000,0.0000,0.0000,0.6884,0.7254,
0.4800,0.8000,0.0000,0.0000,0.0000,0.6884,0.7254,
0.4800,0.8400,0.0000,0.0000,0.0000,0.6820,0.7314,
0.4800,0.8800,0.0000,0.0000,0.0000,0.6947,0.7193,
0.4800,0.9200,0.0000,0.0000,0.0000,0.6947,0.7193,
0.4800,0.9600,0.0000,0.0000,0.0000,0.6947,0.7193,
0.4800,1.0000,0.0000,0.0000,0.0000,0.6884,0.7254,
0.4800,1.0400,0.0000,0.0000,0.0000,0.6884,0.7254,
0.4800,1.0800,0.0000,0.0000,0.0000,0.6820,0.7314,
0.4800,1.1200,0.0000,0.0000,0.0000,0.6756,0.7373,
0.4800,1.1600,0.0000,0.0000,0.0000,0.6691,0.7431,
0.4800,1.2000,0.0000,0.0000,0.0000,0.6626,0.7490,
0.4800,1.2400,0.0000,0.0000,0.0000,0.6626,0.7490,
0.4800,1.2800,0.0000,0.0000,0.0000,0.6626,0.7490,
0.4800,1.3200,0.0000,0.0000,0.0000,0.6626,0.7490,
0.5200,1.3200,0.0000,0.0000,0.0000,0.6820,0.7314,
0.4800,1.3600,0.0000,0.0000,0.0000,0.6756,0.7373,
0.5200,1.3600,0.0000,0.0000,0.0000,0.6820,0.7314,
0.5200,1.4000,0.0000,0.0000,0.0000,0.6820,0.7314,
0.5200,1.4400,0.0000,0.0000,0.0000,0.6884,0.7254,
0.5200,1.4800,0.0000,0.0000,0.0000,0.6884,0.7254,
0.5200,1.5200,0.0000,0.0000,0.0000,0.6884,0.7254,
0.5200,1.5600,0.0000,0.0000,0.0000,0.6884,0.7254,
0.5200,1.6000,0.0000,0.0000,0.0000,0.6884,0.7254,
0.5200,1.6400,0.0000,0.0000,0.0000,0.6884,0.7254,
0.5200,1.6800,0.0000,0.0000,0.0000,0.6820,0.7314,
0.5200,1.7200,0.0000,0.0000,0.0000,0.6691,0.7431,
0.5200,1.7600,0.0000,0.0000,0.0000,0.6494,0.7604,
0.5200,1.8000,0.0000,0.0000,0.0000,0.6157,0.7880,
0.5200,1.8400,0.0000,0.0000,0.0000,0.5878,0.8090,
0.5600,1.8400,0.0000,0.0000,0.0000,0.5736,0.8192,
0.5600,1.8800,0.0000,0.0000,0.0000,0.5519,0.8339,
0.5600,1.9200,0.0000,0.0000,0.0000,0.5225,0.8526,
0.6000,1.9200,0.0000,0.0000,0.0000,0.4924,0.8704,
0.6000,1.9600,0.0000,0.0000,0.0000,0.4695,0.8829,
0.6000,2.0000,0.0000,0.0000,0.0000,0.4226,0.9063,
0.6400,2.0000,0.0000,0.0000,0.0000,0.4147,0.9100,
0.6400,2.0400,0.0000,0.0000,0.0000,0.3907,0.9205,
0.6800,2.0400,0.0000,0.0000,0.0000,0.3827,0.9239,
0.6800,2.0800,0.0000,0.0000,0.0000,0.3665,0.9304,
0.7200,2.0800,0.0000,0.0000,0.0000,0.3584,0.9336,
0.7600,2.0800,0.0000,0.0000,0.0000,0.3584,0.9336,
0.8000,2.1200,0.0000,0.0000,0.0000,0.3256,0.9455,
0.8400,2.1200,0.0000,0.0000,0.0000,0.3173,0.9483,
0.8800,2.1200,0.0000,0.0000,0.0000,0.3090,0.9511,
0.8800,2.1600,0.0000,0.0000,0.0000,0.2840,0.9588,
0.9200,2.1600,0.0000,0.0000,0.0000,0.2504,0.9681,
0.9600,2.1600,0.0000,0.0000,0.0000,0.2164,0.9763,
0.9600,2.2000,0.0000,0.0000,0.0000,0.1908,0.9816,
1.0000,2.2000,0.0000,0.0000,0.0000,0.1132,0.9936,
1.0400,2.2000,0.0000,0.0000,0.0000,0.0698,0.9976,
0.9600,2.2000,0.0000,0.0000,0.0000,0.0175,0.9998,
1.0000,2.2000,0.0000,0.0000,0.0000,-0.0262,0.9997,
1.0400,2.2000,0.0000,0.0000,0.0000,-0.0175,0.9998,